1 300 0.321925
1 400 0.698356
1 500 1.722332
1 600 2.807075
1 700 5.182335
1 800 8.598652
1 900 12.097954
1 1000 17.987556
1 1100 24.167498
1 1200 32.289048
1 1300 46.854540
1 1400 56.587884
1 1500 72.919440
1 1600 185.630074
1 1700 118.123126
1 1800 149.621848
1 1900 190.477065
1 2000 230.249808
1 2100 285.545407
1 2200 354.679314
1 2300 435.822066
1 2400 666.618747
1 2500 622.691075
1 2600 701.130796
1 2700 822.994095
1 2800 1015.461893
1 2900 1124.677596
1 3000 1356.222729
2 300 0.164417
2 400 0.387473
2 500 0.938421
2 600 1.494232
2 700 2.747644
2 800 4.892238
2 900 6.924881
2 1000 9.460665
2 1100 14.879979
2 1200 19.997270
2 1300 32.602710
2 1400 41.575973
2 1500 63.128703
2 1600 116.977135
2 1700 100.292485
2 1800 128.131616
2 1900 159.884333
2 2000 213.009497
2 2100 253.310526
2 2200 312.423780
2 2300 383.903514
